1 0 0 0 0 0 0 0 0 0 0 0 0 0 0  :E
1 1 1 1 1 1 1 1 1 1 1 1 1 1 1  :B
1 0 0 0 0 0 0 0 0 0 0 0 0 0 0  :Ext
0 0 0 1 1 0 0 0 1 0 0 1 0 0 1 0  :Mj
0 0 0 1 0 1 0 0 1 0 0 1 0 0 1 0  :Mj+2
0 0 0 0 1 0 0 0 0 0 0 0 0 0 1  :E
1 1 1 1 1 1 1 1 1 1 1 1 1 1 1  :B
0 0 0 0 1 0 0 0 0 0 0 0 0 0 1  :Ext
0 0 0 1 0 1 0 0 1 0 0 1 0 0 1 0  :Mj
0 0 0 1 1 0 0 0 1 0 1 1 0 0 1 1  :Mj+2
1 0 0 0 0 0 0 0 0 0 0 1 0 0 0  :E
1 1 1 1 1 1 1 1 0 1 1 1 1 1 1  :B
1 0 0 0 0 0 0 0 0 0 0 1 0 0 0  :Ext
0 0 0 1 1 0 0 0 1 0 1 1 0 0 1 1  :Mj
0 0 0 1 1 0 0 0 1 0 1 0 1 0 1 1  :Mj+2
1 0 0 0 0 0 0 0 0 1 0 0 0 0 0  :E
1 1 1 1 1 1 1 1 0 1 1 1 1 1 1  :B
1 0 0 0 0 0 0 0 0 1 0 0 0 0 0  :Ext
0 0 0 1 1 0 0 0 1 0 1 0 1 0 1 1  :Mj
0 0 0 1 0 1 0 0 1 0 1 0 1 0 1 1  :Mj+2
0 0 0 0 1 0 0 0 0 1 0 0 0 0 1  :E
1 1 1 1 1 1 1 1 0 1 1 1 1 1 1  :B
0 0 0 0 1 0 0 0 0 1 0 0 0 0 1  :Ext
0 0 0 1 0 1 0 0 1 0 1 0 1 0 1 1  :Mj
0 0 0 1 1 0 0 0 1 0 2 0 1 0 1 2  :Mj+2
1 0 0 0 0 0 0 0 0 1 0 0 0 0 0  :E
1 1 1 1 1 1 1 1 0 1 1 1 1 1 1  :B
1 0 0 0 0 0 0 0 0 1 0 0 0 0 0  :Ext
0 0 0 1 1 0 0 0 1 0 2 0 1 0 1 2  :Mj
0 0 0 1 0 1 0 0 1 0 2 0 1 0 1 2  :Mj+2
0 0 0 0 1 0 0 0 0 1 0 0 0 0 1  :E
1 1 1 1 1 1 1 1 0 1 1 1 1 1 1  :B
0 0 0 0 1 0 0 0 0 1 0 0 0 0 1  :Ext
Tareas completadas en N1: 378
Tareas completadas en N2: 622
